4.438776303589779260e-01
1.854982702926192273e-01
3.290665147999070894e-02
3.309161943731433325e-02
-8.552001614967108534e-03
-3.633477948237523458e-02
5.379378254380386137e-02
-1.313886030164999365e-02
-2.974920279816546925e-03
2.929547733454722531e-03
1.000000000000000000e+00
8.866001201638534779e-01
6.866073919717089469e-01
5.011831165133536770e-01
7.244180331706165932e-01
6.122347282198254970e-01
9.195080142464202577e-01
8.161462323061809965e-01
4.757646417916605586e-01
8.390783420513083790e-01
7.265929659603751478e-01
6.486364165682461103e-01
7.372839534519439741e-01
9.783070061568641673e-01
8.872315181036251053e-01
3.745075557915236164e-01
5.732385446680501317e-01
5.335238647518085742e-01
9.527885838346681346e-01
8.422255766456892001e-01
7.915947425650380342e-01
8.135708906984127076e-01
7.576033676870976841e-01
9.888232321976537786e-01
7.974400456205148480e-01
9.567561723786709438e-01
0.000000000000000000e+00
0.000000000000000000e+00
0.000000000000000000e+00
0.000000000000000000e+00
0.000000000000000000e+00
0.000000000000000000e+00
0.000000000000000000e+00
0.000000000000000000e+00
0.000000000000000000e+00
0.000000000000000000e+00
0.000000000000000000e+00
0.000000000000000000e+00
0.000000000000000000e+00
0.000000000000000000e+00
0.000000000000000000e+00
0.000000000000000000e+00
0.000000000000000000e+00
0.000000000000000000e+00
0.000000000000000000e+00
0.000000000000000000e+00
0.000000000000000000e+00
0.000000000000000000e+00
0.000000000000000000e+00
0.000000000000000000e+00
0.000000000000000000e+00
5.655189168447561157e-03
7.836624224172566294e-03
1.704393962652574201e-03
2.528716064667392571e-02
6.972667652266685209e-03
3.652603611006477978e-03
1.323166439084356646e-02
2.606950744015068110e-03
2.733384800433378593e-03
5.181905978764739934e-03
9.461098168363740735e-03
4.650332944214686549e-03
0.000000000000000000e+00
1.297392056313484768e-03
5.012124467021037907e-03
0.000000000000000000e+00
0.000000000000000000e+00
1.294981723038531041e-02
0.000000000000000000e+00
5.692383776245220524e-04
0.000000000000000000e+00
0.000000000000000000e+00
1.543040707714976589e-02
0.000000000000000000e+00
2.252355829612925631e-01
0.000000000000000000e+00
5.182779869968878392e-03
5.841615488589681389e-03
0.000000000000000000e+00
3.661564538599722252e-02
0.000000000000000000e+00
0.000000000000000000e+00
4.325725431926013068e-03
0.000000000000000000e+00
0.000000000000000000e+00
0.000000000000000000e+00
2.234827014366611020e-02
6.303761017285526048e-03
7.354496489336287933e-03
6.519747557230295108e-03
0.000000000000000000e+00
5.702386843251652793e-03
4.506011982466601867e-03
0.000000000000000000e+00
0.000000000000000000e+00
0.000000000000000000e+00
7.266570158707512384e-03
1.053618139598352516e-01
9.502398608880659875e-03
1.347692607960910074e-02
3.608662889236856353e-03
2.073733222700521392e-02
1.877857284791775369e-03
3.918948340730124894e-03
2.202760172951370027e-03
4.932561909376685302e-03
2.277311253063145358e-02
1.829307452567944126e-03
2.012473066724025650e-02
1.644508042106123530e-02
1.958893754897501199e-02
0.000000000000000000e+00
0.000000000000000000e+00
1.819263844577711717e-02
7.310690816705745464e-03
1.066478547421537181e-03
1.194297479729970572e-03
1.825892070718599779e-03
3.874424270853513239e-03
0.000000000000000000e+00
0.000000000000000000e+00
0.000000000000000000e+00
0.000000000000000000e+00
0.000000000000000000e+00
0.000000000000000000e+00
0.000000000000000000e+00
0.000000000000000000e+00
0.000000000000000000e+00
0.000000000000000000e+00
0.000000000000000000e+00
0.000000000000000000e+00
0.000000000000000000e+00
1.360164386061228636e-02
0.000000000000000000e+00
0.000000000000000000e+00
0.000000000000000000e+00
0.000000000000000000e+00
0.000000000000000000e+00
2.731928122065380160e-03
0.000000000000000000e+00
0.000000000000000000e+00
4.285277626654072913e-03
1.421586037687006809e-01
0.000000000000000000e+00
0.000000000000000000e+00
1.266798699527409700e-01
0.000000000000000000e+00
0.000000000000000000e+00
0.000000000000000000e+00
0.000000000000000000e+00
1.167168744039928999e-02
5.024734509286171713e-04
1.845587869109050622e-02
0.000000000000000000e+00
0.000000000000000000e+00
4.258930131834202937e-02
0.000000000000000000e+00
0.000000000000000000e+00
0.000000000000000000e+00
0.000000000000000000e+00
0.000000000000000000e+00
0.000000000000000000e+00
0.000000000000000000e+00
0.000000000000000000e+00
6.935576045919562838e-02
0.000000000000000000e+00
0.000000000000000000e+00
0.000000000000000000e+00
1.128495357861506940e-02
0.000000000000000000e+00
0.000000000000000000e+00
0.000000000000000000e+00
0.000000000000000000e+00
0.000000000000000000e+00
0.000000000000000000e+00
0.000000000000000000e+00
0.000000000000000000e+00
0.000000000000000000e+00
0.000000000000000000e+00
3.565296899831139205e-03
3.412216205094944100e-03
2.071204244126193753e-03
2.633928183147862118e-03
0.000000000000000000e+00
0.000000000000000000e+00
0.000000000000000000e+00
4.369894905974304293e-03
3.510443188300784063e-03
0.000000000000000000e+00
0.000000000000000000e+00
0.000000000000000000e+00
4.242698281845407732e-03
2.627964132867283142e-03
3.659512045703850174e-03
1.530552412335750741e-03
1.903756722919503763e-01
3.102930917878116233e-03
0.000000000000000000e+00
0.000000000000000000e+00
0.000000000000000000e+00
5.722546817884923212e-04
0.000000000000000000e+00
0.000000000000000000e+00
6.967519418485672300e-02
6.645528973279283928e-03
0.000000000000000000e+00
6.141189811812616285e-03
0.000000000000000000e+00
5.056343853258343790e-03
4.827218156051300835e-02
0.000000000000000000e+00
0.000000000000000000e+00
0.000000000000000000e+00
0.000000000000000000e+00
9.185184468287191373e-02
0.000000000000000000e+00
1.585441545951609549e-02
0.000000000000000000e+00
0.000000000000000000e+00
0.000000000000000000e+00
0.000000000000000000e+00
0.000000000000000000e+00
0.000000000000000000e+00
0.000000000000000000e+00
0.000000000000000000e+00
0.000000000000000000e+00
0.000000000000000000e+00
0.000000000000000000e+00
0.000000000000000000e+00
0.000000000000000000e+00
4.029279719881933772e-03
0.000000000000000000e+00
1.966253284395802427e-04
0.000000000000000000e+00
5.282431891373696835e-04
0.000000000000000000e+00
0.000000000000000000e+00
0.000000000000000000e+00
1.779199772744800151e-02
1.756429619223671967e-02
1.226451546758335759e-02
0.000000000000000000e+00
1.224130723561936418e-02
2.335799867557795083e-03
3.988528373129656378e-03
1.385324534539038527e-03
1.346306715059049971e-03
0.000000000000000000e+00
2.988303263677733607e-03
2.419540259004351358e-03
0.000000000000000000e+00
3.141086643262096766e-03
1.786483361853158282e-03
9.614457169709374890e-03
7.815503261642091359e-02
3.027304585897524353e-02
0.000000000000000000e+00
1.121338105593698217e-03
2.272171292986367285e-03
8.421008621587616240e-05
5.165483270085768214e-03
3.374526164194791011e-02
7.153286232255833509e-03
2.414299477783396573e-03
1.088397145392021835e-03
1.541184663385303591e-02
1.989424309762059806e-02
5.362705378673348483e-03
2.069104267885697387e-02
0.000000000000000000e+00
0.000000000000000000e+00
3.496260085222906155e-03
0.000000000000000000e+00
0.000000000000000000e+00
0.000000000000000000e+00
0.000000000000000000e+00
0.000000000000000000e+00
0.000000000000000000e+00
0.000000000000000000e+00
0.000000000000000000e+00
0.000000000000000000e+00
0.000000000000000000e+00
0.000000000000000000e+00
0.000000000000000000e+00
1.025908492877862510e-02
1.554177349111782180e-01
0.000000000000000000e+00
0.000000000000000000e+00
0.000000000000000000e+00
0.000000000000000000e+00
0.000000000000000000e+00
0.000000000000000000e+00
0.000000000000000000e+00
0.000000000000000000e+00
0.000000000000000000e+00
1.482366864792730027e-02
3.674147804989736921e-01
3.774975920432426663e-02
0.000000000000000000e+00
2.281513189702643815e-02
3.636904843215747751e-02
0.000000000000000000e+00
0.000000000000000000e+00
0.000000000000000000e+00
4.026925472293037267e-02
1.830114475905207927e-01
0.000000000000000000e+00
0.000000000000000000e+00
0.000000000000000000e+00
0.000000000000000000e+00
0.000000000000000000e+00
0.000000000000000000e+00
0.000000000000000000e+00
0.000000000000000000e+00
1.873419543825760591e-02
3.943614684708300275e-04
2.298788557110792788e-02
1.676812114268451392e-02
6.651242878637089219e-03
5.566915314160304946e-03
1.014263589410760447e-02
2.132051891061139542e-02
5.260471114391492876e-03
8.863535674371109813e-03
6.570902577670085370e-03
5.795592582339545093e-03
3.507631846293768341e-03
5.600662619415240628e-03
8.370924377365000432e-03
1.744410336993097027e-02
3.007632840057649411e-03
6.416530827895790268e-03
2.336278493676181758e-03
7.538967175077711594e-03
3.230427647816386597e-03
2.133955651399595255e-02
0.000000000000000000e+00
0.000000000000000000e+00
0.000000000000000000e+00
7.335649960932295183e-03
4.371222424850579324e-03
2.670412237698601733e-03
0.000000000000000000e+00
3.132967131131287860e-04
9.266168116278421241e-02
0.000000000000000000e+00
0.000000000000000000e+00
0.000000000000000000e+00
0.000000000000000000e+00
0.000000000000000000e+00
0.000000000000000000e+00
0.000000000000000000e+00
5.652638569807254959e-03
0.000000000000000000e+00
1.980641871591552750e-02
2.565042861354885351e-01
3.114184337291549948e-02
0.000000000000000000e+00
0.000000000000000000e+00
1.679475168570009613e-01
0.000000000000000000e+00
0.000000000000000000e+00
1.270764747259340785e-02
0.000000000000000000e+00
0.000000000000000000e+00
0.000000000000000000e+00
0.000000000000000000e+00
0.000000000000000000e+00
0.000000000000000000e+00
0.000000000000000000e+00
0.000000000000000000e+00
0.000000000000000000e+00
3.620989558679141816e-03
3.691127188210600093e-03
3.680774470169391639e-03
0.000000000000000000e+00
3.150092246540808771e-03
3.976666389188802074e-03
0.000000000000000000e+00
5.891385174652267326e-02
1.101300989224116532e-02
7.563601334806884999e-03
4.964629941717987188e-02
2.921106868378806065e-01
2.591506063230390039e-03
0.000000000000000000e+00
0.000000000000000000e+00
0.000000000000000000e+00
0.000000000000000000e+00
0.000000000000000000e+00
0.000000000000000000e+00
0.000000000000000000e+00
0.000000000000000000e+00
0.000000000000000000e+00
0.000000000000000000e+00
0.000000000000000000e+00
1.628707903564003204e-02
1.492840726695311617e-03
3.389360966760505533e-03
0.000000000000000000e+00
1.360220378462772758e-02
6.175667925736674085e-03
3.234889978230331281e-03
3.962995387405496978e-03
1.365023707097521855e-01
7.559294732969585023e-04
2.311132480809935733e-03
3.413008009955960029e-03
1.699685814312595477e-03
1.337721764350188226e-03
1.123818341799330822e-01
6.493666307610672372e-02
1.471956274659854931e-03
8.111428125893185154e-03
0.000000000000000000e+00
0.000000000000000000e+00
9.245339225351172606e-05
1.009062329947579264e-03
1.043079420081664127e-02
4.589768091489706582e-03
0.000000000000000000e+00
5.135527236462929940e-03
7.023911282134085929e-03
1.585663615481489735e-02
2.728141637795109681e-02
9.454256611553359113e-02
0.000000000000000000e+00
1.232276935846919955e-03
3.592332782492756171e-02
0.000000000000000000e+00
0.000000000000000000e+00
0.000000000000000000e+00
0.000000000000000000e+00
0.000000000000000000e+00
0.000000000000000000e+00
0.000000000000000000e+00
0.000000000000000000e+00
0.000000000000000000e+00
0.000000000000000000e+00
0.000000000000000000e+00
0.000000000000000000e+00
0.000000000000000000e+00
0.000000000000000000e+00
0.000000000000000000e+00
0.000000000000000000e+00
0.000000000000000000e+00
0.000000000000000000e+00
0.000000000000000000e+00
0.000000000000000000e+00
0.000000000000000000e+00
0.000000000000000000e+00
0.000000000000000000e+00
0.000000000000000000e+00
0.000000000000000000e+00
0.000000000000000000e+00
0.000000000000000000e+00
9.807128474187958023e-03
2.224326572623086876e-02
4.822340579258346110e-02
0.000000000000000000e+00
1.352014933652852767e-02
4.225008650130628735e-02
0.000000000000000000e+00
1.170229482051510506e-01
0.000000000000000000e+00
0.000000000000000000e+00
0.000000000000000000e+00
6.548078230720194397e-03
0.000000000000000000e+00
2.942378295458251448e-03
0.000000000000000000e+00
0.000000000000000000e+00
1.288687819218885255e-02
0.000000000000000000e+00
0.000000000000000000e+00
0.000000000000000000e+00
0.000000000000000000e+00
0.000000000000000000e+00
2.229921109143179897e-02
0.000000000000000000e+00
0.000000000000000000e+00
0.000000000000000000e+00
0.000000000000000000e+00
0.000000000000000000e+00
1.228777286007435993e-01
4.597617524434973596e-02
0.000000000000000000e+00
1.850633605372449184e-02
5.164983651363844186e-02
3.933581514375399102e-02
1.713566440364957047e-02
1.918129912345402019e-02
2.519146850873827184e-02
5.398509418163608027e-03
3.296611419947816091e-02
0.000000000000000000e+00
8.074131762426717263e-03
1.260558221459536291e-02
1.106252236271565090e-02
1.560352232970563247e-02
0.000000000000000000e+00
0.000000000000000000e+00
2.510878391679955968e-01
3.721900040953740607e-03
0.000000000000000000e+00
9.131440978830509050e-03
0.000000000000000000e+00
2.702360468710773844e-02
7.147850843924725105e-03
8.127914384172223519e-03
6.382837595183792588e-03
9.172957064055513310e-03
4.894676429193427040e-03
6.205066357198254882e-03
6.659838968230499638e-03
6.546668242695592201e-03
0.000000000000000000e+00
5.498860103070776252e-03
9.827687428910584014e-03
7.949563336238108305e-03
9.039857581079125889e-03
1.337670509810181055e-03
3.070464018951253073e-03
4.513431642727171872e-03
4.441144655478107724e-03
2.791986652700886168e-03
3.108454479307804462e-03
4.274925476778800200e-03
4.143373672825808630e-03
4.605424262637691432e-03
6.489511570662077379e-03
1.374980370522457807e-03
2.802099420822504617e-03
1.147055636633604984e-02
7.015371531355490270e-03
3.087072096524361153e-03
5.359156489259793606e-03
4.169753641242631044e-03
4.128179733252015579e-03
3.059015022181630662e-03
0.000000000000000000e+00
0.000000000000000000e+00
2.503840414997111213e-02
1.493600968675832044e-02
0.000000000000000000e+00
0.000000000000000000e+00
0.000000000000000000e+00
0.000000000000000000e+00
2.914108238635524512e-02
0.000000000000000000e+00
1.202661845934096807e-01
2.445806622978335607e-03
0.000000000000000000e+00
0.000000000000000000e+00
0.000000000000000000e+00
3.202992562246571168e-02
1.491103842411224505e-02
6.399175376233425493e-03
1.695634603231653895e-02
0.000000000000000000e+00
0.000000000000000000e+00
4.670201008944580012e-03
1.406574150880392227e-04
0.000000000000000000e+00
0.000000000000000000e+00
3.052040814809578451e-02
1.446778280576727430e-02
0.000000000000000000e+00
0.000000000000000000e+00
0.000000000000000000e+00
0.000000000000000000e+00
7.063624182942228324e-02
0.000000000000000000e+00
0.000000000000000000e+00
0.000000000000000000e+00
1.849923409096486740e-02
0.000000000000000000e+00
0.000000000000000000e+00
2.542130587068192320e-03
0.000000000000000000e+00
2.921761436891657116e-04
0.000000000000000000e+00
0.000000000000000000e+00
0.000000000000000000e+00
0.000000000000000000e+00
4.283772220402546835e-03
0.000000000000000000e+00
0.000000000000000000e+00
0.000000000000000000e+00
1.544419223565432486e-02
0.000000000000000000e+00
5.858486419511355764e-02
1.187517609171851868e-01
0.000000000000000000e+00
0.000000000000000000e+00
0.000000000000000000e+00
0.000000000000000000e+00
0.000000000000000000e+00
0.000000000000000000e+00
0.000000000000000000e+00
0.000000000000000000e+00
0.000000000000000000e+00
0.000000000000000000e+00
9.683596306831186717e-02
0.000000000000000000e+00
0.000000000000000000e+00
0.000000000000000000e+00
0.000000000000000000e+00
0.000000000000000000e+00
0.000000000000000000e+00
0.000000000000000000e+00
0.000000000000000000e+00
0.000000000000000000e+00
0.000000000000000000e+00
0.000000000000000000e+00
0.000000000000000000e+00
0.000000000000000000e+00
0.000000000000000000e+00
0.000000000000000000e+00
0.000000000000000000e+00
0.000000000000000000e+00
0.000000000000000000e+00
0.000000000000000000e+00
0.000000000000000000e+00
0.000000000000000000e+00
1.682531994496031663e-02
1.141784287143996351e-01
0.000000000000000000e+00
0.000000000000000000e+00
0.000000000000000000e+00
0.000000000000000000e+00
0.000000000000000000e+00
0.000000000000000000e+00
1.794648145149586871e-01
0.000000000000000000e+00
0.000000000000000000e+00
0.000000000000000000e+00
0.000000000000000000e+00
0.000000000000000000e+00
0.000000000000000000e+00
0.000000000000000000e+00
0.000000000000000000e+00
0.000000000000000000e+00
0.000000000000000000e+00
0.000000000000000000e+00
0.000000000000000000e+00
0.000000000000000000e+00
0.000000000000000000e+00
0.000000000000000000e+00
0.000000000000000000e+00
0.000000000000000000e+00
0.000000000000000000e+00
1.314549128142624215e-02
2.177646388655269521e-04
0.000000000000000000e+00
0.000000000000000000e+00
1.256296026114723553e-02
0.000000000000000000e+00
1.810274011364266383e-02
0.000000000000000000e+00
0.000000000000000000e+00
0.000000000000000000e+00
0.000000000000000000e+00
0.000000000000000000e+00
0.000000000000000000e+00
1.000680306946762597e-02
0.000000000000000000e+00
0.000000000000000000e+00
0.000000000000000000e+00
0.000000000000000000e+00
0.000000000000000000e+00
0.000000000000000000e+00
0.000000000000000000e+00
0.000000000000000000e+00
0.000000000000000000e+00
1.498383404064894364e+01
