3.796420391964870689e+00
-6.342512923901805211e-02
-2.530919820745136661e-01
-6.622567002387786950e+00
-3.806714436252029571e-02
3.687956897415856083e+00
3.357612595468683736e+00
-1.146169882689780195e+01
-8.711261614977341416e-01
2.470565790523509414e-02
4.795922217633927231e-01
3.394162394311690534e-01
8.008230751247890078e-01
5.530207223516491188e-01
7.407813206861842970e-01
2.192279942899910683e-01
8.746000142665039112e-01
5.549785331773714470e-01
4.621140407264723859e-01
6.626295918012574671e-01
8.428245885871973875e-02
8.943929328386444055e-01
4.865658475294710739e-01
6.647625958833578430e-01
6.718004999515475584e-01
2.395508491580805588e-01
5.733984808836531943e-01
5.096414109283577965e-01
4.002847627898623502e-07
5.138844827858067843e-01
6.308908247441500361e-01
8.792685179070641732e-01
2.536038733334320394e-01
2.378368551261958452e-01
9.999962345195183566e-01
1.012226547906053091e-02
2.104515889540678671e-07
1.381705796410348909e-03
2.769887158993800114e-02
4.011115181196838999e-08
4.039090075193469419e-08
4.069291419118315624e-08
4.027777785840392465e-08
4.041056047033561996e-08
3.365381803373904135e-02
1.646173339038368294e-02
1.710082557291714847e-06
1.336618024012462165e-02
2.127224661399600841e-02
1.357256768128766313e-07
4.057805756774360195e-08
4.267383248861018292e-08
7.229245172904415206e-03
3.999731199669607283e-08
4.107672917468466429e-08
4.028062064472561271e-08
9.146544535376055496e-03
4.021587202890276907e-08
4.066073028615087333e-08
1.047117535524413889e-01
4.530691821967803158e-08
6.247912292999775219e-08
4.298473945058639952e-08
5.160944201131660407e-07
4.019135846644081519e-08
4.321468167524602423e-08
2.724253361287801156e-01
7.108814901499145925e-03
4.081300656922055815e-08
4.200324210186389772e-08
8.148495422044646497e-02
4.039005784028111661e-08
4.282521191712864174e-08
1.037206999162948798e-02
4.113537872506175015e-08
2.118970708075930524e-07
4.391599157871943369e-08
3.998058555278163159e-08
4.314771375954046714e-08
4.303879133304599825e-08
6.317262394763937975e-07
4.058691193619258769e-08
4.369184047428883322e-08
7.738145563370014968e-02
5.605595434169730051e-01
3.998654149648913156e-08
4.115782746860644431e-08
4.425408939841401597e-08
4.002459883236576474e-08
3.997443858511233914e-08
3.998745679302833587e-08
4.027750108209618174e-08
4.075807007444699883e-08
4.002118597098932461e-08
4.613548635203434273e-08
3.998936654571629481e-08
1.071939364955170174e-06
4.025217723397502649e-08
4.740621329839582345e-08
4.228358007320522789e-08
3.998183067391256734e-08
4.237075062017601968e-08
4.191922768786590344e-08
4.081873526903056277e-08
4.021939800924115477e-08
3.999006443062385758e-08
9.659826386620853911e-02
4.625103028816894465e-08
4.246065758614550118e-08
4.587097597020159919e-08
4.268946375671343828e-08
4.297171794385115739e-08
1.280531786758511823e-06
4.357083746845559936e-08
4.217672412899820023e-08
4.516135933655537469e-08
4.586755651018881713e-08
4.299191153858451003e-08
2.239013780516638241e-02
4.083629223729178325e-08
5.578144956409463804e-07
4.692107286193792484e-08
3.998370702042840161e-08
9.316725013925890745e-07
4.362404330319727440e-08
4.173631135100971270e-08
4.141077797642062909e-08
4.325711775490159948e-08
7.308064305009220885e-02
4.012749066915571395e-08
4.018714894290727843e-08
6.716094289171084530e-02
4.788861833018358272e-02
4.087724370328184499e-08
4.033644883497562702e-08
4.011587865220618521e-08
1.665389911653550603e-01
4.049008593741151284e-08
4.051179041092251475e-08
2.338653342000278932e-07
4.021208822656787132e-08
4.022747584559444314e-08
4.042489295376942016e-08
3.999817666166441407e-08
4.029205867712124794e-08
4.013893027405626318e-08
4.013735485483935281e-08
4.008765486464322239e-08
4.026330027091708014e-08
4.610462444159411921e-02
4.076165446950634607e-08
3.998018412524140195e-08
9.760399867994198897e-02
8.404315991131819643e-08
1.156191196610540319e-07
4.138542619246379885e-08
4.000345017124057670e-08
1.960706577429258829e-02
3.997862037604925166e-08
2.514052399694888052e-07
3.997961218022411345e-08
3.997484368305861686e-08
4.000364584527368107e-08
3.998211271772085716e-08
4.505425707617376973e-07
1.018791225648575380e-06
4.022071713037616399e-08
3.998975216316292739e-08
3.998912529931545529e-08
6.015501792165084405e-02
4.029857630996050991e-08
8.992990572312678510e-02
4.005980332019421958e-08
4.024483672132104345e-08
5.888517516078908841e-08
4.016411903519540653e-08
4.280583955565716490e-08
4.000559668074244440e-08
2.747478564777403043e-02
4.135224082440112262e-08
7.843621070975746875e-05
4.009022573892540353e-08
4.013240717903940448e-08
3.351942113637125867e-04
2.182276393746768184e-01
1.339874566130280775e-01
4.017246710677263623e-08
4.006210376474965353e-08
3.619531315771679775e-02
4.035378707618510806e-08
4.033424291864238989e-08
4.014072343510732835e-08
1.038570820230184759e-02
1.223233425849943364e-06
1.281428085815798444e-06
4.063415675181366754e-08
3.972119368442811327e-02
4.036927302846221290e-08
4.411215489380794497e-02
4.030080715253416898e-08
4.000307097480722554e-08
4.015782217194003605e-08
4.009843239519216653e-08
4.007075562963732230e-08
4.010698421978456016e-08
5.350288769078594985e-06
2.107431607419730721e-02
4.939221636327816969e-08
4.004874943450409854e-08
3.251348663514250459e-07
1.096857411715010389e-01
4.011320196442019722e-08
4.005072251717477586e-08
1.082003413236626138e-07
3.999662823512062107e-08
3.999817571526925447e-08
4.000999403516416617e-08
3.998825062004555511e-08
2.588083379842294433e-07
4.024594730551871076e-08
4.000597430547546361e-08
4.016531110981802597e-08
3.999250676456394102e-08
9.520626924256823942e-02
4.151869573361705687e-08
4.004906896833036684e-08
5.023259199290257965e-02
4.013683080479496386e-08
4.009108884374312395e-08
5.425907801524869084e-07
4.010020964425336443e-08
4.017684589427426098e-08
4.019881149036564143e-08
3.999244939647828783e-08
4.053262302850415288e-08
4.007191725566724005e-08
4.002189191261589029e-08
4.003393848840328674e-08
2.000856321537435312e-01
3.472626841301472422e-02
1.870084625817067378e-03
6.550674383218296647e-07
2.560994502108893123e-02
7.861252948536910905e-04
2.661923497215097287e-04
4.000698943553644883e-08
4.002135029071530360e-08
4.000462130177072893e-08
3.999176854971932426e-08
3.608636882370252347e-02
6.745376250706122678e-02
4.639935190206828450e-08
4.000633068419845369e-08
4.001062741492436029e-08
4.133991257817038606e-02
4.083808178812837770e-08
4.215072282846467027e-08
4.000577329440488737e-08
4.228604279463144497e-08
4.029978554442613660e-08
4.176645960883746449e-08
4.151387489068125969e-08
3.999100154729103666e-08
4.476915639327315447e-08
8.170145610710046746e-01
4.165919196549081001e-08
3.998377738751122818e-08
3.998275623387050478e-08
8.124678736396157355e-03
1.448247599636378329e-07
4.542608157921404851e-08
2.438309070848177634e-02
4.856668946489555927e-08
4.700181363035826551e-03
5.381387831943650165e-08
3.996579922287849641e-08
5.057015563098824923e-08
4.504650456499025279e-08
4.569654059325684810e-08
4.705499811421578824e-08
1.212170980838225869e-05
6.495864108098820912e-08
1.906706224741804567e-01
5.730005564650905714e-02
4.906924139683717406e-08
4.706850456034110397e-02
4.436333934517320235e-08
3.998850297163849010e-08
4.485611294976413132e-08
4.139140756479109768e-08
3.998963905600814466e-08
4.121712018440053139e-08
6.083475276189427572e-02
4.222372072803497811e-07
1.225649355199003379e-02
4.013042597046009603e-08
1.960299292248324725e-06
4.535249105919844686e-08
3.998531349998655605e-08
4.438815186382589688e-08
1.738625828461376152e-04
4.250331857176663739e-08
4.007585188973296651e-08
3.396737253713564327e-07
2.713196077579644455e-02
5.116798519131530558e-08
4.902591801301271479e-01
4.469960320182235414e-08
4.016977624158580369e-08
5.280791698126694204e-08
4.560509043608834109e-08
4.274991525624085200e-08
4.522763801314740402e-08
4.399449682873088404e-08
7.453099276158105246e-02
1.221493763424963686e-01
4.052511825186852760e-08
3.999095954765442026e-08
4.188761408871302990e-08
4.011407312615767398e-08
3.999511131277829855e-08
3.997908979225853810e-08
6.252952005885079045e-02
4.808964319892435058e-02
4.000003151325054266e-08
3.998061872113196493e-08
4.603053822124672836e-08
4.238463750348165674e-08
3.998562319915769572e-08
3.997838355233494034e-08
4.000903646684227110e-08
9.526269303581959280e-02
3.998421062155591668e-08
7.993008054982274346e-02
4.391890146975285490e-08
4.300283481447074887e-08
4.165493519456153625e-08
9.566039495417780832e-08
4.981279401318582101e-02
4.397381589125394122e-08
4.395304835414802748e-08
4.394174614148788300e-08
4.308624110425949236e-08
8.570963438221201533e-03
4.560301640972352910e-02
8.887954276906438744e-03
4.003603608528161990e-08
4.001318065486669517e-08
1.291944489516865802e-01
1.527520852219221154e-02
4.564992262828209291e-08
4.123592842998993914e-08
4.308123501616915676e-08
4.077396156447139763e-02
3.997426523658145674e-08
4.148572679601036627e-08
6.819081906363690191e-07
3.927014163134993213e-02
8.354854073065266784e-02
1.128544705705628989e-06
4.209567041348369518e-08
4.095471490123566414e-08
1.766963979052276965e-02
1.040442432841993730e-03
1.227538166820788951e-01
6.837007830837611782e-07
4.029475982227814842e-08
4.014914606579312332e-08
4.020854350546340022e-08
8.815883142469935208e-03
4.002441931063395395e-08
5.536451727469018924e-02
3.997451467945611726e-08
3.997604325815474169e-08
3.998311490962003772e-08
4.090234353698374801e-08
1.232283533940511933e-01
9.532330130461169643e-07
6.184666656196420599e-07
4.001986523196906200e-08
3.682099401614288836e-01
4.006900783454951323e-08
4.012091396562872462e-08
4.008233371193325495e-08
4.010005939614768504e-08
4.037017467490633588e-08
4.008510000159386129e-08
4.010084651513963058e-08
4.001941441363107189e-08
4.026390966570379653e-08
3.999685712698503688e-08
5.384227627372746695e-08
4.025627354147691325e-08
4.020530094535257259e-08
1.186454807113863311e-06
8.458186920991339619e-02
4.001936573017271812e-08
1.512236215350434149e-02
4.011010742132826744e-08
1.711867173877709702e-02
2.010616052313798363e-01
2.212412750212883813e-04
1.061160284616376182e-01
4.012077790331038946e-08
4.008480087203497796e-08
4.002245961114686780e-08
4.003443682383793570e-08
4.003277424909755278e-08
4.002531989525521637e-08
2.325440337899133819e-02
2.685728028508452964e-02
4.004057780237665080e-08
6.770234221831165499e-05
4.126083495980715345e-08
1.772940910112886792e-01
4.005818190789161788e-08
4.152606149814689920e-08
4.114511115472763535e-08
4.186190517298531100e-08
4.003033836596135612e-08
3.392617804258566544e-02
2.935991653534026843e-02
4.259306651233670995e-08
4.207444610498258695e-08
4.074726234710332030e-08
4.686815140940818535e-08
4.141464231588353609e-08
5.048779149582870012e-08
5.609016755385053664e-08
5.727927370499171982e-08
4.002264521423703550e-08
4.345450622448611357e-08
3.002177952701342846e-07
1.587491057703657726e-01
4.807303103219696279e-08
4.655232438258296085e-08
5.339551500318326701e-08
4.332365274342752297e-08
4.002455881887234509e-08
3.046750789219910271e-01
2.999974530286629582e-04
4.644997665253402052e-08
1.748454852615338451e-01
4.306774356307030640e-08
4.160909301552916995e-08
5.239682414492733009e-08
4.263731548063147287e-08
4.609706802618779136e-08
3.998677348644978722e-08
4.087729829094714693e-08
2.770539979766110445e-07
4.010949706529255036e-08
4.435455431187580988e-08
3.022858760787221644e-04
4.811112291017309825e-08
1.634530492218853603e-01
4.389174319865089266e-08
4.496254467400018716e-08
1.210063301082291431e-01
5.575443301865999145e-07
4.302733073603938243e-08
4.413193138440160606e-08
4.264662099945414643e-08
4.928824785905125325e-08
6.350117586235202136e-08
4.208834882358357250e-08
4.348902207438456756e-08
1.690672666395825075e-03
5.764033773578188985e-08
4.204139603812922739e-08
4.312874733849414264e-08
4.695545455577327505e-08
4.940581218542802454e-08
4.373554898186156418e-08
4.417327567718482818e-08
4.805318524226575263e-08
4.295668073825785895e-08
4.649398375570136544e-08
5.012869549619577548e-08
4.421847820954674576e-08
3.998926511366333469e-08
4.028503838094813004e-08
4.378078268332298863e-08
4.389346005152309091e-08
1.003048650976631581e-06
3.998150286203100266e-08
4.080703747843297260e-08
1.537649801420117313e-01
2.319116453254852243e-04
4.001755133211813177e-08
4.047970618837735617e-08
3.998454022295905241e-08
4.148718631395661384e-07
6.647173569853115360e-02
5.530451198699976728e-02
2.675083524107646146e-02
3.998497045776001133e-08
4.015637929640944308e-08
3.315806461497574076e-01
6.960541910604431393e-02
1.525315117184641031e-06
4.005443093058486674e-08
4.258778427046295493e-08
4.012000381162844134e-08
4.000314699862023112e-08
4.000808019226212811e-08
4.052931491330553891e-08
4.006694583329158110e-08
4.149234117045985978e-08
4.024797159322512777e-08
3.997468935801809827e-08
1.758809607516060132e-06
4.014759565456539266e-08
4.029477545668571035e-08
4.496874354544058445e-08
5.160774835804862649e-07
1.728094543023585977e-02
6.212076262311681113e-02
1.719941352128642395e-02
1.637990380453320793e-01
2.302506878628692022e-02
4.439137161790678895e-08
8.206518808437339094e-03
3.240944236480810440e-07
1.833202527966833542e-02
3.971646132950724245e-02
4.868784290362546992e-08
4.191951752924748253e-02
5.656363454354883621e-08
4.459128206822368900e-08
3.161423763696096650e-02
4.219746998509483554e-08
4.395970746188726513e-08
4.399763931412540645e-08
4.398817377717820836e-08
4.393321489014988470e-08
4.394657337635495886e-08
4.397053821286846748e-08
1.647457564773604035e-04
4.395027938742904460e-08
4.394590451140326665e-08
4.395919631621942177e-08
4.394847852041543247e-08
2.094878339584677063e-02
4.398833772224659906e-08
4.393060191331432752e-08
4.412484246509003088e-08
4.394803789685873996e-08
4.400504138207746371e-08
4.395118074163555113e-08
4.001447093992547673e-08
1.795838177174913915e-06
6.592815003899028179e-07
7.113918696015289478e-02
4.003430321331881593e-08
4.000788038699697710e-08
4.245027845495905616e-01
4.004625204801067546e-08
4.004550602545047611e-08
2.460481688698318292e-02
7.779410942284382957e-03
1.569200680645098725e-02
4.005206387741550008e-08
4.005749310939547075e-08
4.004594355827665449e-08
1.072007919579690394e-06
4.003133459136033049e-08
5.214369750691296793e-06
4.011422681088262363e-08
3.999309663336231884e-08
4.089564909792121244e-08
4.668816133125531827e-08
5.185099825018503616e-08
1.392356754863175849e-03
4.336438360990528294e-08
1.556693885783446418e-01
3.198013330399720344e-06
4.519131997830012124e-08
1.382628229598754088e-01
4.397815253009880866e-08
4.023108631153329071e-08
2.477857341834311051e-04
4.571025604589454719e-08
5.050680801405912754e-08
4.333636555389852039e-08
2.147031995401247478e-02
4.471754592013638486e-08
7.018196194840273239e-03
4.539367332033248934e-08
3.998337496230927569e-08
4.032340999364335670e-08
4.014438967614762383e-08
4.400823830468932752e-08
4.189763697358431383e-08
4.241033464055251435e-08
4.101423133938535962e-08
7.037614462962162032e-02
4.022260625989622008e-08
4.158220616830996058e-08
4.097807020202517366e-08
4.131281341989341993e-08
2.297459537465517884e-02
4.131885114857325470e-08
2.836062421356267543e-02
1.417390804961786259e-02
4.106641866359582563e-08
2.437903550703980626e-02
4.108075048268710707e-08
4.258592885942267537e-08
4.039610240048887641e-08
3.998666465939898112e-08
4.033513480555786639e-08
6.525492358899875021e-03
3.997873698564839228e-08
4.482768566566686633e-08
4.272832164631273123e-08
4.293055057501990793e-08
4.081054319173076865e-08
4.003256641157547215e-08
1.980867870904973529e-02
4.205861405221632772e-08
1.817097268454010567e-02
4.165555947921421129e-08
4.154776992291076584e-08
3.996685828063454643e-08
4.919428710210396738e-02
4.301537115788340850e-08
9.341476294803082586e-03
1.900681946672612421e-02
4.142961334521870026e-08
3.121842849776126525e-04
4.173864754395029552e-08
3.998946382902187719e-08
2.722815599271981822e-03
4.013788808594025650e-08
4.007702490299819071e-08
3.999044393979259239e-08
4.351089669737893279e-08
4.003026600069766451e-08
4.001771847634268015e-08
4.520457143688775462e-08
4.002383276598397862e-08
4.003557152930155238e-08
1.899846102525389879e-01
4.155912832741413661e-08
4.036646549124580871e-08
4.004948169083481219e-08
4.003530380384099172e-08
3.665534435655357082e-01
1.232720500532472540e-04
1.720949992603705847e-01
5.428867037537686548e-07
4.005624641550338030e-08
5.913033411600625492e-07
3.996384790120642228e-08
3.999837395783482429e-08
4.028541545686560636e-08
4.003652264571573116e-08
5.423170449660831358e-08
4.213986975731241176e-08
4.453109480628058449e-08
4.712409029524027005e-08
4.007863462535973341e-08
3.998548311427250898e-08
4.036777142008509454e-08
4.079280090109127403e-08
4.468046432385949839e-06
1.029052717696469393e-04
4.003923932663187780e-08
4.025866339124902993e-08
3.548473145071650289e-07
4.007733521468106269e-08
2.953982926243595153e-02
4.553993323930345508e-08
4.343564174689124690e-08
1.649506545716044350e-06
4.290657161735967962e-08
4.264761555741551355e-08
3.671691263614623942e-07
4.243466837227764659e-08
4.169993825625447525e-08
4.000878296166562288e-08
5.778495880250692635e-02
4.041254714784589897e-08
7.372819403938303019e-04
1.000000000000000000e+00
