-5.274958984869356549e+00
2.874383162820629778e+00
-3.138667820925645779e-01
-1.914611937147684961e-01
2.661117316858796489e-01
9.417099783291452142e-02
-5.329015854197538538e-01
6.750541388261823705e-01
-1.737185780298034637e-02
-2.659802495149014567e-01
9.981532989697744496e-01
7.461386626125987576e-01
5.790548525370838862e-01
4.346402203837316236e-01
5.933670983626124773e-01
5.124138998849628868e-01
7.721127709389912219e-01
6.821862403271428121e-01
4.009254876691921154e-01
8.555133390385621928e-01
6.079064502734018438e-01
5.489162286287102566e-01
6.303872508680018472e-01
8.144473887630923059e-01
7.512111776606738012e-01
4.719517709084450896e-01
4.814905277180895893e-01
4.486760196507005305e-01
8.192327064658195823e-01
6.995955784369267683e-01
6.701534944289277984e-01
6.877969469195110985e-01
6.241081301165368744e-01
8.239474603156980992e-01
6.730551657784177300e-01
8.161533105808032040e-01
0.000000000000000000e+00
0.000000000000000000e+00
0.000000000000000000e+00
0.000000000000000000e+00
0.000000000000000000e+00
0.000000000000000000e+00
0.000000000000000000e+00
0.000000000000000000e+00
0.000000000000000000e+00
0.000000000000000000e+00
0.000000000000000000e+00
0.000000000000000000e+00
0.000000000000000000e+00
0.000000000000000000e+00
0.000000000000000000e+00
0.000000000000000000e+00
0.000000000000000000e+00
0.000000000000000000e+00
0.000000000000000000e+00
0.000000000000000000e+00
0.000000000000000000e+00
0.000000000000000000e+00
0.000000000000000000e+00
0.000000000000000000e+00
0.000000000000000000e+00
2.900231677630793481e-02
3.805537676545370229e-02
1.854845930064912690e-02
3.856067278262254733e-02
2.229929445548856429e-02
2.132078986734201043e-02
4.682691699561263715e-02
2.134685972336371890e-02
2.533010149638734859e-02
2.115064087095417517e-02
2.929985331924078035e-02
1.996217177139566340e-02
0.000000000000000000e+00
3.492764804956741131e-02
2.479734419168333134e-02
0.000000000000000000e+00
0.000000000000000000e+00
2.782199608457734674e-02
0.000000000000000000e+00
1.547912616541604995e-02
0.000000000000000000e+00
0.000000000000000000e+00
2.850454491554403266e-02
0.000000000000000000e+00
2.799472608853506017e-01
0.000000000000000000e+00
1.926926537026694281e-02
1.449564608266529220e-02
0.000000000000000000e+00
4.555490508559667528e-02
0.000000000000000000e+00
0.000000000000000000e+00
1.567808719592837102e-02
0.000000000000000000e+00
0.000000000000000000e+00
0.000000000000000000e+00
4.700272093479623131e-02
2.469379642102861871e-02
4.118016583118989937e-02
1.737586912828641139e-02
0.000000000000000000e+00
2.648342522827092788e-02
1.247062200787324784e-02
0.000000000000000000e+00
0.000000000000000000e+00
0.000000000000000000e+00
2.029496309504994975e-02
1.543090685771898729e-01
2.858372856351224303e-02
3.210687806198470051e-02
2.422497873228163234e-02
4.524765125430783158e-02
2.227290322806508779e-02
2.533503852948756560e-02
2.325346326921400378e-02
3.050331082909342809e-02
3.538943803946623112e-02
2.116517798793114344e-02
7.197268955943007807e-02
3.970015925889330138e-02
6.008186996468136559e-02
0.000000000000000000e+00
0.000000000000000000e+00
4.465583617283024054e-02
2.294578395698022508e-02
2.134378645860441140e-02
1.314826021438457102e-02
1.907080777429366603e-02
2.822281913543539869e-02
0.000000000000000000e+00
0.000000000000000000e+00
0.000000000000000000e+00
0.000000000000000000e+00
0.000000000000000000e+00
0.000000000000000000e+00
0.000000000000000000e+00
0.000000000000000000e+00
0.000000000000000000e+00
0.000000000000000000e+00
0.000000000000000000e+00
0.000000000000000000e+00
0.000000000000000000e+00
1.524553827120102463e-02
0.000000000000000000e+00
0.000000000000000000e+00
0.000000000000000000e+00
0.000000000000000000e+00
0.000000000000000000e+00
1.730948401100610989e-01
0.000000000000000000e+00
0.000000000000000000e+00
1.876275331583238462e-02
2.083288471237954020e-01
0.000000000000000000e+00
0.000000000000000000e+00
1.403951273487286655e-01
0.000000000000000000e+00
0.000000000000000000e+00
0.000000000000000000e+00
0.000000000000000000e+00
2.550746556245095734e-02
1.656966364756341445e-02
2.018581061269284285e-02
0.000000000000000000e+00
0.000000000000000000e+00
4.834462591039357521e-02
0.000000000000000000e+00
0.000000000000000000e+00
0.000000000000000000e+00
0.000000000000000000e+00
0.000000000000000000e+00
0.000000000000000000e+00
0.000000000000000000e+00
0.000000000000000000e+00
7.965098743572718298e-02
0.000000000000000000e+00
0.000000000000000000e+00
0.000000000000000000e+00
2.385869003792510240e-02
0.000000000000000000e+00
0.000000000000000000e+00
0.000000000000000000e+00
0.000000000000000000e+00
0.000000000000000000e+00
0.000000000000000000e+00
0.000000000000000000e+00
0.000000000000000000e+00
0.000000000000000000e+00
0.000000000000000000e+00
1.313566714574603000e-02
1.520859332065688241e-02
1.269357048835150110e-02
1.275053753534702468e-02
0.000000000000000000e+00
0.000000000000000000e+00
0.000000000000000000e+00
1.965824157343163889e-02
1.307768392532118393e-02
0.000000000000000000e+00
0.000000000000000000e+00
0.000000000000000000e+00
1.443527583229290735e-02
9.549886836624377900e-03
1.177061666761049924e-02
1.372814886556762183e-02
2.205491324817649423e-01
1.772421236275237635e-02
0.000000000000000000e+00
0.000000000000000000e+00
0.000000000000000000e+00
2.015207426511292713e-02
0.000000000000000000e+00
0.000000000000000000e+00
1.136537997106325387e-01
2.650203361677122907e-02
0.000000000000000000e+00
1.508576870793716836e-02
0.000000000000000000e+00
1.955431441095830183e-02
4.570496258399223133e-02
0.000000000000000000e+00
0.000000000000000000e+00
0.000000000000000000e+00
0.000000000000000000e+00
9.783222439197382381e-02
0.000000000000000000e+00
2.562814942539790031e-02
0.000000000000000000e+00
0.000000000000000000e+00
0.000000000000000000e+00
0.000000000000000000e+00
0.000000000000000000e+00
0.000000000000000000e+00
0.000000000000000000e+00
0.000000000000000000e+00
0.000000000000000000e+00
0.000000000000000000e+00
0.000000000000000000e+00
0.000000000000000000e+00
0.000000000000000000e+00
1.417535902239406079e-02
0.000000000000000000e+00
1.338640524644320491e-02
0.000000000000000000e+00
2.125408280453704862e-02
0.000000000000000000e+00
0.000000000000000000e+00
0.000000000000000000e+00
2.303126188527437890e-02
6.101870057457622898e-02
2.076810591876046552e-02
0.000000000000000000e+00
1.790708292020041364e-02
1.410472913721895656e-02
1.917182412020151591e-02
2.734691725401877660e-02
2.016183039495495627e-02
0.000000000000000000e+00
3.999054942636345172e-02
2.454712159427517582e-02
0.000000000000000000e+00
2.552179717727928385e-02
2.047236989786332950e-02
3.297387590224352266e-02
1.039560039541595898e-01
7.930274422578388605e-02
0.000000000000000000e+00
1.896138967942981313e-02
2.328620322196173903e-02
2.230422330514570187e-02
2.436697655797480030e-02
6.555565071744053063e-02
3.015369786870950378e-02
3.633303907867431459e-02
2.694665888714348548e-02
3.689191997775056325e-02
4.249997116176943562e-02
2.419015344130865178e-02
3.870180314734423394e-02
0.000000000000000000e+00
0.000000000000000000e+00
2.931204733387155620e-02
0.000000000000000000e+00
0.000000000000000000e+00
0.000000000000000000e+00
0.000000000000000000e+00
0.000000000000000000e+00
0.000000000000000000e+00
0.000000000000000000e+00
0.000000000000000000e+00
0.000000000000000000e+00
0.000000000000000000e+00
0.000000000000000000e+00
0.000000000000000000e+00
3.441560672885055766e-02
1.759915568383562667e-01
0.000000000000000000e+00
0.000000000000000000e+00
0.000000000000000000e+00
0.000000000000000000e+00
0.000000000000000000e+00
0.000000000000000000e+00
0.000000000000000000e+00
0.000000000000000000e+00
0.000000000000000000e+00
2.859998779974093353e-02
3.060701603960933048e-01
4.526844776774575918e-02
0.000000000000000000e+00
4.506314276314010020e-02
4.741567131330413909e-02
0.000000000000000000e+00
0.000000000000000000e+00
0.000000000000000000e+00
5.062653263476132176e-02
2.263389431195052814e-01
0.000000000000000000e+00
0.000000000000000000e+00
0.000000000000000000e+00
0.000000000000000000e+00
0.000000000000000000e+00
0.000000000000000000e+00
0.000000000000000000e+00
0.000000000000000000e+00
3.485321478867134393e-02
1.787046580954060673e-02
4.501212980126315100e-02
3.030810717835444659e-02
2.303414840672911301e-02
1.558533041516184554e-02
2.096696552402679825e-02
3.564028924938723863e-02
3.184987885592160256e-02
4.440165517636321391e-02
2.994976941514679303e-02
3.311274433415801327e-02
2.034316637918950205e-02
3.025489853529128234e-02
3.791600069063351397e-02
3.745658327353443284e-02
2.019699355168418087e-02
2.406697653287189279e-02
1.399539852852572409e-02
2.299873968020380716e-02
2.658944172502868478e-02
2.936267734525783643e-02
0.000000000000000000e+00
0.000000000000000000e+00
0.000000000000000000e+00
2.102252045582897119e-02
1.966730382276319147e-02
1.758291508929777508e-02
0.000000000000000000e+00
1.558593887878233220e-02
8.331772883524167506e-02
0.000000000000000000e+00
0.000000000000000000e+00
0.000000000000000000e+00
0.000000000000000000e+00
0.000000000000000000e+00
0.000000000000000000e+00
0.000000000000000000e+00
1.708026809526143677e-02
0.000000000000000000e+00
3.982309744410936908e-02
3.034309107467353384e-01
1.993355453732582050e-01
0.000000000000000000e+00
0.000000000000000000e+00
1.689209756238945759e-01
0.000000000000000000e+00
0.000000000000000000e+00
2.062930860630343352e-02
0.000000000000000000e+00
0.000000000000000000e+00
0.000000000000000000e+00
0.000000000000000000e+00
0.000000000000000000e+00
0.000000000000000000e+00
0.000000000000000000e+00
0.000000000000000000e+00
0.000000000000000000e+00
1.553256973341105018e-02
1.485571214021375389e-02
1.959807669179152931e-02
0.000000000000000000e+00
1.378227644542575313e-02
1.801084255814346807e-02
0.000000000000000000e+00
5.867974857581476078e-02
3.038126227768236237e-02
2.876037298679093995e-02
4.797494276608375852e-02
2.905929167532938506e-01
1.620816889486736967e-02
0.000000000000000000e+00
0.000000000000000000e+00
0.000000000000000000e+00
0.000000000000000000e+00
0.000000000000000000e+00
0.000000000000000000e+00
0.000000000000000000e+00
0.000000000000000000e+00
0.000000000000000000e+00
0.000000000000000000e+00
0.000000000000000000e+00
2.711091391858295313e-02
1.690664224402171553e-02
2.239684319616079555e-02
0.000000000000000000e+00
2.286452050459975363e-02
2.095792618881363312e-02
1.458822436879583274e-02
1.671558915710581392e-02
1.503723485612187272e-01
1.357916567922086079e-02
2.664507058350899099e-02
3.120654446255518091e-02
3.426618761282502340e-02
2.099226913813426881e-02
1.523761996328505675e-01
9.498923314356177983e-02
2.233819154598412279e-02
4.084970349720520172e-02
0.000000000000000000e+00
0.000000000000000000e+00
1.472064426262167589e-02
2.910886110145936845e-02
3.772667467881097442e-02
3.756229765965711509e-02
0.000000000000000000e+00
2.627827929612861629e-02
3.170292155917264765e-02
3.374534947468825485e-02
4.658013327714426860e-02
1.061557069657103614e-01
0.000000000000000000e+00
2.365586383692670422e-02
2.106245994159153812e-01
0.000000000000000000e+00
0.000000000000000000e+00
0.000000000000000000e+00
0.000000000000000000e+00
0.000000000000000000e+00
0.000000000000000000e+00
0.000000000000000000e+00
0.000000000000000000e+00
0.000000000000000000e+00
0.000000000000000000e+00
0.000000000000000000e+00
0.000000000000000000e+00
0.000000000000000000e+00
0.000000000000000000e+00
0.000000000000000000e+00
0.000000000000000000e+00
0.000000000000000000e+00
0.000000000000000000e+00
0.000000000000000000e+00
0.000000000000000000e+00
0.000000000000000000e+00
0.000000000000000000e+00
0.000000000000000000e+00
0.000000000000000000e+00
0.000000000000000000e+00
0.000000000000000000e+00
0.000000000000000000e+00
2.472985963711753915e-02
2.881408564220246799e-02
6.247232105312852668e-02
0.000000000000000000e+00
3.013657948823974045e-02
5.408496331322143469e-02
0.000000000000000000e+00
1.283640388783409692e-01
0.000000000000000000e+00
0.000000000000000000e+00
0.000000000000000000e+00
3.152578139885246766e-02
0.000000000000000000e+00
1.618809403478081027e-02
0.000000000000000000e+00
0.000000000000000000e+00
1.787837248671376653e-02
0.000000000000000000e+00
0.000000000000000000e+00
0.000000000000000000e+00
0.000000000000000000e+00
0.000000000000000000e+00
2.836570147525852015e-02
0.000000000000000000e+00
0.000000000000000000e+00
0.000000000000000000e+00
0.000000000000000000e+00
0.000000000000000000e+00
1.496793131616917238e-01
6.990407748537541543e-02
0.000000000000000000e+00
3.350633416215386545e-02
6.444912150904291703e-02
6.255812145837980065e-02
2.953462145381949983e-02
3.426766229495668142e-02
4.064044731237165253e-02
2.094980535362632457e-02
5.093127568017026541e-02
0.000000000000000000e+00
2.411386130018876306e-02
2.824280541020324567e-02
3.245906956391882842e-02
2.594198579172160221e-02
0.000000000000000000e+00
0.000000000000000000e+00
2.763442698866409031e-01
2.210943230884384464e-02
0.000000000000000000e+00
4.291600907849927454e-02
0.000000000000000000e+00
5.352150450555889089e-02
3.832836490335916196e-02
3.606259549762208527e-02
3.334089684044853202e-02
4.059966041087548216e-02
3.414544805802089550e-02
3.397983484309377578e-02
3.258330739533917692e-02
3.992956945762624749e-02
0.000000000000000000e+00
3.308601257683136537e-02
6.149873517045126997e-02
3.724552620770577721e-02
5.021690862503949693e-02
1.402712059244571458e-02
2.869485841728577902e-02
3.007175248395408881e-02
3.234806875863699416e-02
2.245141007576957962e-02
2.268855367098415732e-02
2.684004803337678574e-02
2.096786549468685271e-02
2.671274738118623732e-02
2.576032369036901706e-02
2.467668299637907139e-02
2.150770888650945303e-02
3.511937920138348546e-02
2.513437423242945515e-02
2.214460663437743324e-02
3.797206495474027971e-02
2.571054033602276565e-02
3.135398845128741646e-02
2.610422697965936178e-02
0.000000000000000000e+00
0.000000000000000000e+00
4.167419787331896192e-02
4.071823615124663120e-02
0.000000000000000000e+00
0.000000000000000000e+00
0.000000000000000000e+00
0.000000000000000000e+00
3.819243992246600800e-02
0.000000000000000000e+00
1.179961317410831573e-01
1.658555918615556637e-02
0.000000000000000000e+00
0.000000000000000000e+00
0.000000000000000000e+00
6.020167624193752121e-02
3.067411382490070962e-02
3.492452351403211447e-02
3.054064852002381578e-02
0.000000000000000000e+00
0.000000000000000000e+00
1.894372906122994416e-02
1.722405890050752661e-02
0.000000000000000000e+00
0.000000000000000000e+00
5.032448898145800570e-02
2.632955855710933032e-02
0.000000000000000000e+00
0.000000000000000000e+00
0.000000000000000000e+00
0.000000000000000000e+00
8.581130255787479399e-02
0.000000000000000000e+00
0.000000000000000000e+00
0.000000000000000000e+00
4.335008195777810547e-02
0.000000000000000000e+00
0.000000000000000000e+00
1.505779505603508164e-02
0.000000000000000000e+00
2.200886608153380247e-02
0.000000000000000000e+00
0.000000000000000000e+00
0.000000000000000000e+00
0.000000000000000000e+00
1.752546249065269068e-01
0.000000000000000000e+00
0.000000000000000000e+00
0.000000000000000000e+00
1.844287199005106292e-01
0.000000000000000000e+00
2.194142589266767085e-01
1.078945770364921758e-01
0.000000000000000000e+00
0.000000000000000000e+00
0.000000000000000000e+00
0.000000000000000000e+00
0.000000000000000000e+00
0.000000000000000000e+00
0.000000000000000000e+00
0.000000000000000000e+00
0.000000000000000000e+00
0.000000000000000000e+00
9.996640783054801249e-02
0.000000000000000000e+00
0.000000000000000000e+00
0.000000000000000000e+00
0.000000000000000000e+00
0.000000000000000000e+00
0.000000000000000000e+00
0.000000000000000000e+00
0.000000000000000000e+00
0.000000000000000000e+00
0.000000000000000000e+00
0.000000000000000000e+00
0.000000000000000000e+00
0.000000000000000000e+00
0.000000000000000000e+00
0.000000000000000000e+00
0.000000000000000000e+00
0.000000000000000000e+00
0.000000000000000000e+00
0.000000000000000000e+00
0.000000000000000000e+00
0.000000000000000000e+00
5.201614073402890254e-02
1.137548507148413018e-01
0.000000000000000000e+00
0.000000000000000000e+00
0.000000000000000000e+00
0.000000000000000000e+00
0.000000000000000000e+00
0.000000000000000000e+00
2.186140061321117933e-01
0.000000000000000000e+00
0.000000000000000000e+00
0.000000000000000000e+00
0.000000000000000000e+00
0.000000000000000000e+00
0.000000000000000000e+00
0.000000000000000000e+00
0.000000000000000000e+00
0.000000000000000000e+00
0.000000000000000000e+00
0.000000000000000000e+00
0.000000000000000000e+00
0.000000000000000000e+00
0.000000000000000000e+00
0.000000000000000000e+00
0.000000000000000000e+00
0.000000000000000000e+00
0.000000000000000000e+00
2.876961187409129289e-02
2.039692579338897235e-02
0.000000000000000000e+00
0.000000000000000000e+00
2.490440963642050545e-02
0.000000000000000000e+00
2.945031516146155368e-02
0.000000000000000000e+00
0.000000000000000000e+00
0.000000000000000000e+00
0.000000000000000000e+00
0.000000000000000000e+00
0.000000000000000000e+00
3.859571250292176403e-02
0.000000000000000000e+00
0.000000000000000000e+00
0.000000000000000000e+00
0.000000000000000000e+00
0.000000000000000000e+00
0.000000000000000000e+00
0.000000000000000000e+00
0.000000000000000000e+00
0.000000000000000000e+00
8.942356364120443004e+02
